4294967278,249
4294967278,361
4294967278,355
4294967278,21
4294967278,20
4294967278,9
4294967278,8
4294967278,7
4294967279,114
4294967279,112
4294967279,325
4294967279,104
4294967279,338
4294967279,90
4294967279,336
4294967278,376
4294967279,92
4294967278,298
4294967294,1016
4294967278,297
2778,6
2778,5
2778,4
2778,3
2778,2
2778,1
4294967278,293
4294967279,184
4294967279,183
4294967278,168
2775,7
2775,6
2775,5
2775,4
4294967278,162
2775,3
2775,2
2775,1
4294967279,162
4294967279,327
4294967278,157
4294967279,157
4294967279,150
4294967279,152
4294967278,141
4294967279,271
4294967278,292
2771,6
2771,5
2771,4
4294967278,270
2771,3
2771,2
2771,1
4294967294,414
4294967294,168
4294967294,464
4294967279,293
4294967278,289
4294967279,362
2768,5
2768,4
2768,3
2768,2
2768,1
4294967278,284
2766,6
4294967278,225
2766,5
2766,4
2766,3
2766,2
2766,1
2765,5
2765,4
2765,3
2765,2
2765,1
4294967279,334
4294967279,206
2764,5
2764,4
2764,3
2764,2
2764,1
4294967279,201
2763,5
4294967278,198
4294967278,197
2763,4
2763,3
2763,2
2763,1
4294967279,252
4294967278,245
4294967279,190
2761,4
2761,3
2761,2
2761,1
4294967279,329
4294967294,1015
4294967294,1009
4294967294,404
4294967278,312
4294967279,335
4294967278,339
4294967278,291
4294967278,351
4294967278,14
4294967278,383
4294967278,343
4294967278,4
4294967279,333
4294967279,131
4294967279,125
4294967279,124
4294967279,123
4294967279,119
4294967279,117
4294967279,115
4294967279,113
4294967279,332
4294967279,111
4294967279,331
4294967279,109
4294967279,107
4294967279,106
4294967279,105
4294967279,298
4294967279,100
4294967279,98
4294967279,330
4294967279,95
4294967279,93
4294967279,91
4294967279,87
4294967279,86
4294967279,324
4294967279,533
4294967279,323
4294967279,566
4294967278,415
4294967278,283
4294967278,170
2760,6
2760,5
2760,4
4294967278,158
2760,2
2760,1
4294967279,147
4294967278,144
4294967279,349
4294967278,275
2757,7
2757,6
2757,5
2757,4
2757,2
2757,1
4294967294,173
4294967294,182
4294967278,18
4294967278,17
4294967279,308
4294967278,263
4294967279,561
4294967279,122
4294967278,447
2753,6
2753,5
2753,4
2753,3
2753,2
2753,1
4294967279,345
4294967279,110
4294967279,96
2750,5
2750,4
2750,2
2750,1
4294967278,200
4294967278,199
2748,6
4294967294,406
4294967294,191
4294967294,400
4294967294,461
4294967294,175
2748,5
2748,4
2748,3
2748,2
2748,1
4294967279,369
4294967278,188
2747,5
2747,4
2747,3
2747,2
2747,1
2746,5
2746,4
2746,3
2746,2
2746,1
4294967294,1003
2745,5
2745,4
2745,3
2745,2
2745,1
2743,4
2743,3
2743,2
2743,1
4294967279,569
4294967278,445
4294967278,356
4294967279,571
4294967278,296
4294967279,570
4294967278,341
4294967278,363
2742,6
2742,5
2742,4
2742,2
2742,1
4294967278,444
4294967278,281
4294967279,365
4294967278,261
2739,7
2739,6
2739,5
2739,4
2739,2
2739,1
4294967279,522
4294967278,442
4294967278,211
4294967279,299
2735,6
2735,5
2735,4
2735,3
2735,2
2735,1
2732,5
4294967279,173
2732,4
2732,2
2732,1
2730,6
2730,5
2730,4
2730,3
2730,2
2730,1
4294967294,995
4294967294,1008
4294967279,360
2729,5
2729,4
2729,3
2729,2
2729,1
4294967279,359
4294967278,145
2728,5
2728,4
2728,3
2728,2
2728,1
2727,5
2727,4
2727,3
2727,2
2727,1
4294967278,288
2725,4
2725,3
2725,2
2725,1
4294967279,563
4294967279,339
4294967278,306
4294967278,15
4294967278,11
4294967278,6
4294967278,5
4294967279,132
4294967279,127
4294967279,121
4294967279,120
4294967279,118
4294967279,573
4294967279,94
4294967279,321
4294967279,294
4294967279,538
4294967278,439
2724,6
2724,5
2724,4
2724,2
2724,1
4294967278,213
4294967279,213
4294967278,438
2721,7
2721,6
2721,5
2721,4
2721,2
2721,1
4294967278,344
4294967278,437
4294967279,182
4294967278,436
4294967278,163
2717,6
2717,5
2717,4
2717,3
2717,2
2717,1
4294967278,435
2714,5
4294967279,140
2714,4
2714,2
2714,1
4294967278,277
2712,6
4294967279,549
2712,5
2712,4
2712,3
2712,2
2712,1
4294967278,229
4294967279,344
4294967278,267
2711,5
4294967278,265
2711,4
2711,3
2711,2
2711,1
4294967279,258
2710,5
2710,4
2710,3
2710,2
2710,1
2709,5
2709,4
2709,3
2709,2
2709,1
2707,4
2707,3
2707,2
2707,1
4294967279,565
4294967294,395
4294967294,413
4294967294,189
4294967294,410
4294967294,109
4294967278,16
4294967279,130
4294967279,558
4294967279,367
4294967279,553
4294967279,554
4294967279,555
4294967279,292
4294967278,259
4294967279,542
2706,6
2706,5
2706,4
2706,2
2706,1
4294967294,1011
4294967278,182
4294967278,181
4294967279,181
4294967278,434
4294967278,173
2703,7
2703,6
2703,5
2703,4
2703,2
2703,1
4294967279,337
4294967278,433
4294967278,142
4294967279,320
4294967278,430
2699,6
2699,5
2699,4
2699,3
2699,2
2699,1
4294967279,283
4294967279,277
4294967279,265
4294967279,275
4294967279,257
4294967279,256
4294967278,359
4294967279,512
4294967278,323
2696,5
4294967279,316
2696,4
4294967278,321
2696,2
2696,1
4294967279,520
4294967278,246
4294967278,244
2694,6
2694,5
2694,4
2694,3
2694,2
2694,1
4294967279,233
4294967279,227
2693,5
2693,4
2693,3
2693,2
2693,1
4294967294,453
4294967294,454
4294967278,210
2692,5
2692,4
2692,3
2692,2
2692,1
2691,5
4294967279,328
2691,4
4294967279,202
2691,3
2691,2
2691,1
2689,4
2689,3
2689,2
2689,1
4294967278,280
4294967279,556
4294967278,338
4294967278,421
4294967278,301
4294967278,342
4294967278,231
4294967279,116
4294967279,108
4294967279,99
4294967279,97
4294967279,84
4294967279,551
1115,4
1115,5
1108,4
4294967279,176
4294967278,175
4294967278,429
4294967278,166
4294967278,164
4294967278,159
2688,6
2688,5
2688,4
2688,2
2688,1
4294967278,386
4294967279,322
4294967278,153
4294967294,997
4294967294,1012
4294967294,403
4294967294,418
2685,7
2685,6
2685,5
2685,4
2685,2
2685,1
4294967278,426
4294967278,431
4294967278,425
4294967279,574
4294967279,255
4294967278,424
2681,6
2681,5
2681,4
2681,3
2681,2
2681,1
4294967278,423
2678,5
2678,4
2678,2
2678,1
4294967279,527
4294967278,420
2676,6
4294967278,419
2676,5
2676,4
2676,3
2676,2
2676,1
4294967278,330
2675,5
4294967294,1092
4294967279,188
2675,4
2675,3
2675,2
2675,1
2674,5
2674,4
2674,3
2674,2
2674,1
4294967278,256
4294967278,417
4294967279,175
2673,5
4294967278,247
4294967279,301
2673,4
2673,3
2673,2
2673,1
4294967279,168
4294967278,167
2671,4
2671,3
2671,2
2671,1
4294967294,450
4294967294,411
4294967278,410
4294967278,332
4294967294,401
4294967294,190
4294967278,395
4294967278,60
4294967278,59
4294967278,333
4294967278,391
4294967278,403
4294967278,13
4294967278,389
4294967279,545
4294967279,544
4294967279,568
4294967279,543
4294967279,142
4294967278,295
4294967278,140
4294967279,138
4294967279,272
4294967279,133
4294967278,276
4294967279,270
4294967279,310
2670,6
2670,5
2670,4
4294967278,273
2670,2
2670,1
4294967279,262
4294967294,1090
4294967278,329
4294967278,264
4294967278,285
4294967278,262
4294967279,253
4294967278,402
4294967278,322
2667,7
4294967279,249
2667,6
2667,5
2667,4
2667,2
2667,1
4294967278,441
4294967278,401
4294967278,196
2663,6
2663,5
2663,4
2663,3
2663,2
2663,1
4294967278,367
4294967279,194
4294967278,178
2660,5
2660,4
2660,2
2660,1
4294967294,998
4294967294,1007
2658,6
4294967278,392
2658,5
4294967278,161
2658,4
2658,3
2658,2
2658,1
2657,5
4294967279,154
2657,4
2657,3
2657,2
2657,1
4294967279,146
2656,5
2656,4
2656,3
2656,2
2656,1
2655,5
4294967279,537
2655,4
2655,3
2655,2
2655,1
4294967278,133
4294967279,284
4294967278,274
4294967278,316
2653,4
2653,3
2653,2
2653,1
4294967279,532
4294967278,350
4294967278,12
4294967278,10
4294967279,530
4294967279,531
4294967279,535
4294967279,355
4294967278,340
4294967279,567
4294967278,242
4294967278,234
2652,6
2652,5
2652,4
2652,2
2652,1
4294967278,212
4294967294,1005
4294967294,402
2649,7
2649,6
4294967278,201
2649,5
2649,4
2649,2
2649,1
4294967279,178
4294967278,177
4294967278,176
2645,6
4294967278,165
2645,5
2645,4
2645,3
2645,2
2645,1
4294967279,161
4294967279,153
2642,5
2642,4
2642,2
2642,1
4294967279,139
2640,6
4294967278,252
2640,5
2640,4
2640,3
2640,2
2640,1
4294967294,506
2639,5
2639,4
2639,3
2639,2
2639,1
4294967278,258
4294967279,541
4294967278,257
4294967279,513
2638,5
2638,4
2638,3
2638,2
2638,1
4294967278,294
4294967294,505
4294967279,528
4294967278,243
4294967279,315
2637,5
2637,4
2637,3
2637,2
2637,1
4294967294,459
4294967294,448
4294967278,248
4294967279,237
2635,4
4294967279,231
2635,3
2635,2
2635,1
4294967279,519
4294967279,371
4294967278,427
4294967278,315
4294967279,129
4294967279,128
4294967279,290
4294967279,525
4294967279,524
4294967279,560
4294967279,197
4294967279,346
2634,6
2634,5
2634,4
2634,2
2634,1
4294967278,399
4294967294,1006
4294967278,187
4294967278,185
4294967278,241
2631,7
2631,6
2631,5
2631,4
2631,2
2631,1
4294967279,163
4294967278,160
4294967279,155
4294967279,151
4294967279,145
4294967279,141
4294967278,139
4294967279,276
4294967294,444
4294967294,455
4294967294,416
4294967294,164
4294967279,135
2627,6
2627,5
2627,4
2627,3
2627,2
2627,1
4294967279,552
4294967278,325
4294967278,254
2624,5
2624,4
2624,2
2624,1
4294967279,250
2622,6
4294967278,238
2622,5
4294967278,236
2622,4
2622,3
2622,2
2622,1
4294967294,504
2621,5
2621,4
2621,3
2621,2
2621,1
4294967279,221
4294967278,413
2620,5
2620,4
2620,3
2620,2
2620,1
4294967294,503
4294967278,215
2619,5
4294967278,345
2619,4
2619,3
2619,2
2619,1
2617,4
4294967279,191
2617,3
2617,2
2617,1
4294967278,190
4294967279,291
4294967278,379
4294967294,1418
4294967294,185
4294967294,1004
4294967294,1173
4294967294,108
4294967294,110
4294967294,408
1112,5
1122,5
1119,5
4294967278,57
4294967278,55
4294967278,53
4294967278,52
4294967278,51
4294967278,227
4294967279,523
4294967279,521
4294967279,251
4294967279,240
4294967279,536
4294967279,516
4294967279,164
4294967279,303
2616,6
2616,5
2616,4
2616,2
2616,1
4294967279,160
4294967279,518
2613,7
4294967279,136
2613,6
2613,5
2613,4
2613,2
2613,1
4294967278,374
4294967278,378
4294967278,406
4294967279,248
4294967279,247
4294967278,372
2609,6
2609,5
2609,4
2609,3
2609,2
2609,1
4294967278,222
4294967278,224
4294967279,219
4294967279,515
4294967279,212
4294967278,208
4294967279,207
2606,5
2606,4
2606,2
2606,1
4294967279,205
4294967278,371
2604,6
2604,5
2604,4
2604,3
2604,2
2604,1
4294967279,192
4294967278,191
4294967294,409
4294967294,397
4294967294,502
4294967279,189
4294967278,189
2603,5
2603,4
2603,3
2603,2
2603,1
2602,5
2602,4
2602,3
2602,2
2602,1
4294967294,999
2601,5
4294967279,170
2601,4
2601,3
2601,2
2601,1
4294967279,165
2599,4
2599,3
2599,2
2599,1
4294967278,235
4294967278,385
4294967278,369
4294967278,272
4294967278,411
4294967278,260
4294967278,400
4294967278,412
4294967278,58
4294967278,56
4294967278,54
4294967278,409
4294967279,226
4294967279,224
4294967279,534
4294967279,238
4294967279,356
4294967279,234
4294967279,220
4294967279,517
1122,4
1122,1
1119,4
1112,4
4294967279,548
2598,6
2598,5
2598,4
2598,2
2598,1
4294967294,112
4294967294,457
4294967279,317
4294967278,428
2595,7
2595,6
2595,5
2595,4
2595,2
2595,1
4294967279,217
4294967279,562
4294967279,547
4294967279,210
4294967279,209
4294967279,546
4294967278,327
4294967279,200
2591,6
2591,5
2591,4
2591,3
2591,2
2591,1
4294967279,193
2588,5
2588,4
2588,2
2588,1
2586,6
2586,5
2586,4
2586,3
2586,2
2586,1
4294967294,501
2585,5
2585,4
2585,3
2585,2
2585,1
2584,5
2584,4
2584,3
2584,2
2584,1
4294967279,228
4294967294,170
4294967294,405
4294967294,412
2583,5
2583,4
2583,3
2583,2
2583,1
4294967279,279
2581,4
4294967279,264
2581,3
2581,2
2581,1
4294967279,263
4294967279,287
4294967279,312
4294967294,393
4294967278,396
4294967278,397
4294967278,375
4294967278,50
4294967278,49
4294967278,48
4294967278,47
4294967278,46
4294967278,45
4294967278,44
4294967278,43
4294967278,42
4294967278,41
4294967278,40
4294967278,39
4294967278,38
4294967278,37
4294967278,36
4294967278,35
4294967278,34
4294967278,33
4294967278,32
4294967278,31
4294967278,30
4294967278,29
4294967278,28
4294967278,27
4294967278,26
4294967278,25
4294967278,24
4294967278,23
4294967278,22
4294967278,324
4294967279,514
4294967279,83
4294967279,81
4294967279,77
4294967279,74
4294967279,73
4294967279,72
4294967279,69
4294967279,66
4294967279,65
4294967279,64
4294967279,59
4294967279,58
4294967279,57
4294967279,55
4294967279,54
4294967279,53
4294967279,52
4294967279,50
4294967279,49
4294967279,319
4294967279,47
4294967279,46
4294967279,43
4294967279,40
4294967279,37
4294967279,36
4294967279,35
4294967279,34
4294967279,33
4294967279,31
4294967279,30
4294967279,29
4294967279,28
4294967279,27
4294967279,24
4294967279,22
4294967279,21
4294967279,20
4294967279,18
4294967279,16
4294967279,15
4294967279,14
4294967279,13
4294967279,11
4294967279,539
4294967279,300
2580,6
2580,5
2580,4
2580,2
2580,1
4294967278,220
4294967278,214
4294967278,216
4294967278,337
4294967278,206
4294967278,205
2577,7
2577,6
2577,5
2577,4
2577,2
2577,1
4294967278,193
4294967278,192
4294967279,179
4294967279,180
4294967278,179
4294967294,118
4294967294,462
4294967278,334
2573,6
2573,5
2573,4
2573,3
2573,2
2573,1
4294967278,154
2570,5
2570,4
2570,2
2570,1
4294967278,136
4294967278,135
4294967278,134
2568,6
4294967278,331
2568,5
2568,4
2568,3
2568,2
2568,1
2567,5
2567,4
2567,3
2567,2
2567,1
2566,5
2566,4
2566,3
2566,2
2566,1
4294967279,318
2565,5
4294967278,320
4294967278,253
2565,4
2565,3
2565,2
2565,1
4294967278,250
4294967279,241
4294967278,240
4294967294,385
4294967294,460
4294967294,451
4294967294,180
2563,4
2563,3
2563,2
2563,1
4294967278,230
4294967279,229
4294967278,137
4294967294,996
4294967294,1014
4294967278,394
4294967278,393
4294967278,408
4294967279,311
4294967279,156
4294967279,137
4294967279,306
4294967279,12
4294967279,208
4294967278,207
4294967279,204
4294967279,199
4294967278,422
2562,6
2562,5
2562,4
2562,2
2562,1
4294967278,186
4294967279,185
4294967278,172
2559,7
2559,6
2559,5
2559,4
2559,2
2559,1
4294967279,559
4294967279,148
4294967278,416
4294967279,134
2555,6
2555,5
2555,4
2555,3
2555,2
2555,1
4294967278,269
2552,5
2552,4
2552,2
2552,1
4294967279,243
4294967279,347
2550,6
4294967278,313
4294967279,239
2550,5
4294967278,237
2550,4
2550,3
2550,2
2550,1
4294967278,232
4294967294,500
4294967279,348
2549,5
4294967279,225
2549,4
2549,3
2549,2
2549,1
2548,5
2548,4
2548,3
2548,2
2548,1
2547,5
2547,4
2547,3
2547,2
2547,1
4294967279,198
4294967279,195
4294967278,255
4294967278,282
2545,4
2545,3
2545,2
2545,1
4294967294,179
4294967294,458
4294967294,161
4294967278,311
4294967278,326
4294967279,350
4294967279,304
4294967279,305
4294967279,268
4294967279,171
2544,6
2544,5
2544,4
2544,2
2544,1
4294967278,155
4294967278,148
4294967294,1088
4294967278,309
2541,7
2541,6
2541,5
2541,4
2541,2
2541,1
4294967294,499
4294967279,267
2537,6
2537,5
2537,4
2537,3
2537,2
2537,1
4294967279,235
4294967278,228
4294967278,226
4294967279,223
4294967278,218
4294967279,211
4294967278,209
4294967278,204
2534,5
2534,4
2534,2
2534,1
4294967278,203
4294967279,203
4294967278,202
4294967279,526
2532,6
4294967278,195
4294967294,396
4294967294,187
4294967294,399
4294967294,420
4294967294,407
4294967294,167
4294967294,398
4294967294,415
4294967294,466
2532,5
4294967278,194
2532,4
2532,3
2532,2
2532,1
4294967294,498
2531,5
4294967279,187
2531,4
2531,3
2531,2
2531,1
4294967278,180
2530,5
2530,4
2530,3
2530,2
2530,1
4294967279,282
4294967278,300
4294967279,172
2529,5
4294967278,169
2529,4
2529,3
2529,2
2529,1
4294967294,496
4294967294,495
4294967279,159
2527,4
4294967279,158
2527,3
2527,2
2527,1
4294967278,299
4294967278,387
4294967278,290
4294967279,289
2526,6
2526,5
2526,4
2526,2
2526,1
4294967278,278
4294967294,387
2523,7
2523,6
2523,5
2523,4
2523,2
2523,1
4294967279,302
4294967279,236
4294967279,215
2519,6
2519,5
2519,4
2519,3
2519,2
2519,1
4294967279,343
4294967279,281
4294967278,223
4294967294,421
4294967278,171
2516,5
2516,4
2516,2
2516,1
4294967279,169
2514,6
4294967279,280
4294967278,286
2514,5
2514,4
2514,3
2514,2
2514,1
4294967294,479
2513,5
2513,4
2513,3
2513,2
2513,1
4294967294,1095
2512,5
4294967279,144
2512,4
2512,3
2512,2
2512,1
4294967294,478
2511,5
2511,4
2511,3
2511,2
2511,1
2509,4
2509,3
2509,2
2509,1
4294967278,268
4294967294,178
4294967294,384
4294967279,273
4294967279,274
4294967278,398
4294967278,131
4294967278,129
4294967278,122
4294967278,346
4294967278,92
4294967278,77
4294967278,72
4294967279,48
4294967279,41
4294967279,39
4294967279,32
4294967279,26
4294967279,25
4294967279,8
4294967279,5
4294967278,121
4294967278,120
2508,6
2508,5
2508,4
2508,2
2508,1
4294967278,111
4294967279,266
4294967278,217
4294967278,93
2505,7
2505,6
